0,1,2,3,4,5,6,7,8,9,10,11,12,13,14,15,16,17,18,19,20,21,22,23,24,25,26,27,28,29,30,31,32,33,34,35,36,37,38,39,40,41,42,43,44,45,46,47,48,49,50,51,52,53,54,55,56,57,58,59,60,61,62,63,64,65,66,67,68,69
11.4752606030261,3.8211456112646784,7.075501510722388,6.9097872418602515,5.192738857556467,6.818974375188205,6.759365768759012,1.8595378059065895,4.653594086510688,7.268258503582316,-0.6504483139562468,0.47762843448439607,0.5003102425016923,-0.347909040561699,0.4016838161582179,-0.19313310238381393,1.1122154317673127,-0.2409906292698446,0.22232083477948505,-0.03996756474145419,-1.5111502760565927,0.7700550673999882,0.8908288704876809,0.08551845192286783,1.1851679163582853,-0.6838912472166728,-0.3642682815926792,-0.9552060503710783,0.6622470556317306,1.106456142704311,0.07726504964214807,0.3152166501071495,-1.277782820257175,-0.6069030088321878,-0.38856072298631494,1.0328457973305443,0.6662345038358457,1.072347078530689,-0.2961436845691241,0.18516698399637913,-1.0077420267619135,-0.2969461143738911,-0.7883578350393968,1.1149859438729999,-0.4484828096042519,-0.5029207715656867,-0.06153600052646613,-0.24311863302214837,-1.1774766904810405,-0.49988650873832724,-0.27857551098400807,-0.048653961939820634,-0.24329541371407493,-0.6726134580514125,0.3521515343343666,-0.3611368826118166,0.39764937182238375,-0.5829475293623223,-0.24519242965071353,-0.2118630739985113,-0.3134692356262623,0.5391939212797985,-0.8945336395863296,-0.5349094590382449,0.4281077182327711,-0.47806303341089684,-0.6003256150266593,0.589282869384252,-1.2505689364513937,-0.6513196114009869
3.8211456112646784,11.4752606030261,5.8729526246488515,5.124196347439938,7.147569844662025,3.303387933108387,2.3455979003525473,5.185336862612255,4.079916072979632,3.711733736181584,-1.187846417453354,0.46108885539886785,0.04793063671332831,-1.4687954896582671,0.6718426884309319,0.501157386858196,1.1416790223655635,0.4719902349010441,-1.238156334451216,0.1399963790801554,0.23625936590316354,0.47515665718210964,0.07561605520733608,1.5939716848616028,0.4477638356442992,1.0629141070514496,-0.12944487886520992,1.7917049405158698,0.8506416650895958,0.30617436503725726,1.1286528915135285,0.4689210601928101,-0.3412236248729604,-0.028305271733885362,0.10105100766636865,1.8037471550435111,0.0456878705101319,-1.3762901190464532,0.8744675944861755,0.8701736432189502,0.06791380697932181,0.42414404994833627,-1.1335963830986655,0.7665068734131276,-0.30779394193341225,0.10564836343702105,0.6481277649319614,0.7550196568498038,0.33704421865160195,0.16871786757452922,0.9116088025379762,-0.713659423447306,-0.06827623627192261,0.8704997073891476,0.6062439913432041,1.2024074392118533,0.22517377894892002,1.2128712157689472,-0.13771478035631524,0.6224892544500065,-0.06891673553452715,0.8499336678176543,-0.32510124726826184,0.048840868687249184,0.2588859766018053,-0.24619851351041144,-0.3891351984340431,-0.02481560331952054,0.7071899043552268,-0.8639529180366583
7.075501510722388,5.8729526246488515,11.4752606030261,6.387863777274796,4.066215837974951,7.158578135595606,4.740732727181223,7.095029100686423,6.4794462840958005,6.3981901138380906,-0.4284554299169987,0.39711463838971145,0.1138904835470485,0.10199986437829517,-0.23002590260352604,-0.40975108867969734,0.05590500718603297,-0.6266977027181513,-0.7486254162613196,-0.16645643982946065,-0.9315976639587368,1.1071613264756746,0.9130737903081065,-0.8549522814908533,-0.5696293382250239,0.889271362450636,-0.087421557651025,-0.9508213124016051,0.6935096433787448,0.1555076030458089,0.6652053010092551,0.3473275393552507,1.2069203267174258,-0.555326017784793,-0.7941870444344752,0.7912086412453284,0.2627755416896912,0.03274995125284369,0.7007848831192582,-0.3598530052729287,-0.2020506850218884,-1.0508316597004081,0.26790078918487764,-1.1096140765709632,1.9659029000688746,-0.2597331425679271,-0.5650965505096524,0.23221867546102218,0.2004627138978885,-0.08265309823047362,-0.7536760081060194,-0.5304768789744634,0.012751460533209302,-1.0903397115395808,-0.39976752012563227,0.35109235721921406,-0.582615428117786,0.44440487965103975,1.7812329369830202,0.5865547541801559,-0.44001456810041983,0.22205932069982248,1.110061872873081,-0.1091834509116763,0.04269936013311609,-1.2796012423085472,-0.27271279989639496,-0.45282049409859526,0.16480490748990503,-0.11701122829024357
6.9097872418602515,5.124196347439938,6.387863777274796,11.4752606030261,2.9071053333187993,4.401275859857573,4.783585990758393,6.734326218564679,3.718747728976406,4.708121864926784,0.06934668710965719,-0.07661396331708513,0.8351361362792216,-0.7829210696422497,-0.23810593915838651,0.556177591060171,-0.22291265780874325,-0.1389242517776706,0.7130779404023057,-0.05200440356026555,0.26151886691891313,-0.4013487381227777,-1.1848864271606177,-0.32369144594659066,0.5173577907089637,-0.3051535838471131,0.5980806877477676,-0.7621638507717525,1.2074953246867461,1.0214840517167885,-0.7185152626113596,-0.6554331621529523,0.3755733099196853,-0.14710383672357233,0.5952392605458204,-1.590957578950682,0.6851174759523945,-0.15845832276816807,-0.19934499629749097,-1.072377082838242,0.4763493646319909,-0.3964755427686165,0.48929457523926456,-0.9014099852565483,-0.40933044645397726,0.5313764014682745,-1.1440030561668575,-0.4229836042591187,-0.7050568609473644,1.120180811557514,0.23708984998543858,-0.1376747972527385,0.1742729817712791,0.09620895540928551,-0.956534100760617,-1.0800294115606415,0.18720350584276757,-0.34254535785802503,-0.2685049490265033,0.4604778290687608,-0.5272917653330922,-1.3847411690276805,0.4130175394284339,-0.3338302885922799,-0.38800467190698623,-0.42794048978598553,1.1884529619911837,-0.8541599119099761,-1.8162666106846932,0.7338610201599189
5.192738857556467,7.147569844662025,4.066215837974951,2.9071053333187993,11.4752606030261,7.075619578739643,3.4667375430572074,7.217864595837591,7.799626350751879,4.3952369726158755,-0.1966330168464235,-0.4230411675035227,1.355166095680074,-1.1433187410590815,-0.5369149659148863,2.1539330679464372,0.5095666827627184,0.9877360645937829,0.05296895465723378,-0.12128492551370845,-0.89338444673677,0.8148009048918858,-0.2606761759890516,-0.6798856232704973,0.8250096389105469,0.2041432777151039,-1.1285408931997907,-0.5979496497324808,0.9055283091891614,0.6977702969564004,0.6889688951079396,0.9437422683953551,-1.5731829470717325,-0.20215133156891707,-0.13952258278224838,-0.29734842005044865,-0.35094134925012455,-0.5231913414094859,-0.095106976206004,-0.09529683599556903,-0.07133489574928426,-0.3384808855898503,0.2066308045070594,-1.1853553491599382,-0.47690777939312035,0.028298228229986233,-0.38750468135795313,1.2697009732314897,-0.5598509734829289,0.6706295241322966,-0.05216712509957977,-0.09621845206841445,-0.4206039976486489,0.6142335506596681,-1.1887488402581248,0.5028969297839363,-0.4210029625771062,0.4229413253840813,-1.0614325312920003,1.2900915434823834,0.6718654991004576,0.10050380851974908,0.4510426901842979,-1.05565721688835,-0.2885101691513844,-0.20239493329667274,-0.24976979764267607,0.2135572072393136,-0.6199446044426794,0.8233680384592039
6.818974375188205,3.303387933108387,7.158578135595606,4.401275859857573,7.075619578739643,11.4752606030261,3.3954383079906094,5.562223313988884,4.267581810954227,6.8310917522085735,1.4153052798388899,-0.8937783294774572,0.3693358362822319,0.6537055669257485,0.20871292077439443,0.1752139029230682,0.13508049178371556,0.3213680765085919,0.045757809809744976,-0.9754198278821443,-0.12140461903429955,-0.6589269380062703,0.8955183939334276,-0.40688824492171893,-0.018059986290203174,0.33900902049225135,-0.4040120165640486,-0.9130470974106111,-0.885404155501869,0.7467525692047416,0.00418121391436721,0.7336058462687995,-1.619886615837519,0.23031089216910527,-0.41093959763471,-1.1024011448972446,-0.2557514352035605,-0.8612958421118682,1.0517774615721844,0.8835456924322349,0.6928220043399154,-0.5304931281069278,-0.8138755582458079,-0.7408934631563975,-1.188134749054696,-0.5239052463108245,0.6897090828016952,0.02428052613321785,0.3067250453562682,0.5451657864569144,-0.0882346644769472,-0.8320172268747819,0.2790319297103152,-0.05046196749418788,-1.6471579812712887,-0.06660646158715722,0.2783124814392545,-0.22248214930325944,0.30812367364384285,-0.31344294031698766,-0.6533737264320822,0.17518908556414,0.33480782797539743,-0.8328349803403342,0.0135893902692652,0.8688365883577384,0.21948457973031207,0.3356305250523901,1.6458257642790777,0.4477210193053712
6.759365768759012,2.3455979003525473,4.740732727181223,4.783585990758393,3.4667375430572074,3.3954383079906094,11.4752606030261,2.356183500002598,7.02435806695759,4.903011270877034,0.23480008988917667,-0.7377463321300601,0.812351887895669,0.11075967891186923,-0.688523148816484,-0.5167979416201481,0.8726911361818713,0.012042219036809328,-0.39096483727538084,-0.7060026063728184,0.31299788025640435,-0.8441451849780142,-0.12459285790239573,0.21081944409462633,0.5640820964859261,-0.22839278304155364,0.2396364822204311,0.3605901444627876,-0.38200089258308484,-0.19817422525603035,-0.17642254593399243,0.9572074143843126,0.1376677036719001,0.114506561463959,-0.6461576912187942,1.8370966970250593,0.1291553410268204,-1.1477518679315808,0.21110300826036926,0.2074928249666323,-1.4355797211004084,-0.20868997490382157,-0.9207600273437155,-0.24319238084917139,-0.2548770709242304,1.0138679137250972,0.06022114411086965,-0.3344995374869223,-1.8593776237192303,0.6133114128000827,-0.003594033312442013,0.09315035540835603,0.010867562878157155,-0.19616405275893192,1.108498836908762,0.7021883736322331,0.7139760736078945,0.4485701328287312,0.5626313092904318,-0.4084836938276107,0.5076491546047954,0.241489848685215,0.01270018957865321,0.4580563484998638,-0.19725020645579866,-1.6164313223589444,0.42187834882253944,1.3756222801964781,0.514949661276503,0.026627543076971433
1.8595378059065895,5.185336862612255,7.095029100686423,6.734326218564679,7.217864595837591,5.562223313988884,2.356183500002598,11.4752606030261,3.9690202308525104,5.411148166099939,0.17381862657129887,-0.17589268723107657,0.2786071044564043,-0.24907657496861219,0.18845892618570056,0.3418574264979654,-0.8826012704441066,-1.0807725860435609,0.5322219819724763,1.3987838543081965,0.8019777730001783,0.7743379596900066,-0.7093334686527745,-0.17718757125289641,-0.5254271581075483,0.1000549337169042,0.2706146744698091,-0.3000370251990635,0.6693023228556462,1.619789887088229,-0.07466012447033751,-1.0036600855384439,-0.5971404552772505,-0.8662934823156883,-0.029677176938285088,-0.7940190991628608,0.4489185784357252,0.9049464608274547,-2.263471639360532,-0.004053048636587342,-1.6223742448092042,-0.429048556854717,0.4589010386761116,0.026650293059637408,0.31510069435238597,-0.012214157890067634,0.3138652312221769,0.8274179520389006,0.5649542472954103,-0.7196096743217905,-0.1381673411742162,0.7270765299924284,0.06053241768416125,1.5119140600565069,-0.23888410759497786,-0.021597863172835602,-0.20860678577301583,-1.2948785553570272,0.54221852181543,-0.39619023202872533,0.5847893674646345,-0.3257701581103323,0.06387976250504201,0.03724004642071163,-1.4983253847027462,1.2474871215594296,-1.159401445152217,0.23333380884238378,-0.48226131094096736,-0.6828032369481294
4.653594086510688,4.079916072979632,6.4794462840958005,3.718747728976406,7.799626350751879,4.267581810954227,7.02435806695759,3.9690202308525104,11.4752606030261,7.142739507872656,0.8594298753622249,-1.7310818565362573,-0.35634231139637357,0.560359507113541,0.987570683728375,-0.3323213432234085,-0.5473158592468004,-1.5650961217831707,-0.7769244600838775,0.08033849510361213,0.24971280879673696,-0.046673206955642754,-0.7851321836562835,0.8967774040503018,0.32777024991950204,0.40458718123661525,0.6569913905460878,0.3720534554434031,-0.18092120855450994,-0.9315117487341098,0.040709038016617516,0.1457027715786025,-0.1630968509957192,-0.2169973238105824,0.04777370634295969,0.38270095531697795,-0.2573161377132241,-0.6197932556898763,-0.14003599407600342,0.4990989351482673,-0.7218885252902244,0.04228002822830587,-1.3291419401872917,0.5387969100749583,-0.9072091739710038,0.0936881439621226,0.013791119689839454,-0.8260724429314763,-0.8307715728945786,-0.46009717239979675,-0.7485501721829053,-0.6975268921233843,0.11834187037962782,0.8286300652057291,-1.1142330604978075,-0.25687863221480367,-0.12809504675269234,0.9533555972989171,0.595056278514646,-1.7065365221002202,-0.13158995021700381,-0.05405368231533178,-0.23775069071507995,0.38418929998904794,-0.14540459574157907,-1.43195123946496,0.28155529289829917,1.2975268642762159,-0.7615652402009586,0.6249536450324553
7.268258503582316,3.711733736181584,6.3981901138380906,4.708121864926784,4.3952369726158755,6.8310917522085735,4.903011270877034,5.411148166099939,7.142739507872656,11.4752606030261,0.0605575027274656,0.6502315425960958,0.5336093170476149,-0.5744935319582374,-0.7605183825086118,-0.4827861159157062,-0.4848519914942593,0.2587082990073595,0.660833598893305,1.4492321266354304,0.0378492521859132,-1.0871449148948487,0.7332700048299063,0.5238189986725919,-0.5902480584599535,-0.21812719090448016,0.012586063273413425,-0.20387509870738196,-0.2037937670327602,-0.11335931501399987,-0.7796155669717326,-0.0656281961369114,-0.02036264723542569,-0.13313683175156443,0.204748273720872,-0.2742354322365382,0.11835489995865775,-0.03574863807207884,-0.0916382207046198,0.04214115684640102,0.48664565295918155,-1.0442968587279753,-0.7703114049897367,-0.5433567122202239,0.6620319886325471,0.20410485980446622,0.1328094469856964,2.394894215940191e-06,0.24410023514252283,0.15232442685352474,0.14305119751416157,0.8878145962299484,0.6220907191534047,0.6496464477497743,0.4826321516390319,-0.5043343764835041,1.9727832254359505,-1.211840252144412,0.1798344460350341,0.5870618649336404,-1.0255866907103444,0.3697379457911736,-0.9426157205362953,-0.01930095967372225,-0.4151880221352672,1.8626762676364532,-0.41090671491116576,0.06951211145032199,-0.033407236418023775,-0.13046570034081684
-0.6504483139562468,-1.187846417453354,-0.4284554299169987,0.06934668710965719,-0.1966330168464235,1.4153052798388899,0.23480008988917667,0.17381862657129887,0.8594298753622249,0.0605575027274656,11.4752606030261,6.501128878429487,3.6828697463554896,2.131622936209933,3.435050215299783,6.76709050638171,7.475123395552338,6.142691319299001,4.350749544593457,5.504082645537695,-0.2536387427575281,-0.005782890660848278,0.24071992414762794,-0.5547092322171052,-1.603287289416762,-0.24314763137045955,-0.5158986763952578,0.6067316314093943,1.0412193962116731,-0.31440860067301746,0.6027391326411229,-1.2502602504339562,0.04389135301746788,-0.4065992658099193,1.1933049443894,-1.590224428904473,0.24707601840881244,-0.3419735481297256,-0.44231167994237836,0.35467226926010736,-0.19694223440395153,-0.915608057055165,0.17208142018086103,-1.4718282385693944,-0.415908710215645,0.8487174547794872,1.4459050138651315,-0.5661544486766917,-2.0687292948174485,-0.6224335731332298,0.31739756910183753,-0.732414100513604,0.37015845118708757,0.3412461501534846,-0.4390329612128877,0.5105952792221177,-0.058748792102219616,-0.0470782660534706,-0.006738153770709025,-0.41828818885065033,0.01186198262220517,0.013051454483809677,0.3617207258357401,0.6656090743523717,0.19047542722632116,-1.344665069087732,-0.1755967874670231,-0.8967113953184197,0.4087561173340135,0.10054206822394068
0.47762843448439607,0.46108885539886785,0.39711463838971145,-0.07661396331708513,-0.4230411675035227,-0.8937783294774572,-0.7377463321300601,-0.17589268723107657,-1.7310818565362573,0.6502315425960958,6.501128878429487,11.4752606030261,3.7864110467174497,4.729685215539078,4.935733237603661,2.7732211738438974,3.308951440842849,3.6116599889949725,6.4229529929157785,5.307681801903511,-1.1185934201942098,-0.39400793726302596,-0.4266893253632413,0.09642106673027095,0.2998711806158256,-0.4542996964992222,-0.488033715021968,-0.5976349268852933,-0.5672587422894848,-0.34464634711500053,1.4127935533093177,0.14319353290456713,0.5533411238797858,-0.2537197458558841,0.25424281799833437,0.39351404497113596,0.3740831557829911,-0.01972125263913857,-0.11709713946613254,-0.3395345035986284,0.6844250663195224,-0.7802250407799726,0.5883775811244438,-0.404302341391031,0.02294325872580838,1.5050170126004487,-0.6307873179766235,0.4842973748405304,-0.5843637114601816,0.6671934409789513,-0.7557494440030854,0.4905613145470545,-0.7147930776901696,-0.93438573803054,-0.9751118503272207,0.6341552509574333,-0.5552986143428529,2.0348221541079132,0.29874471189833157,-0.007475226355472292,0.3653910679996449,1.208673396753258,-0.015801488160692913,0.1899876065240984,0.008585596786832777,0.5326818336507827,-0.5073901247444624,-0.22514374303919762,0.052999032152946435,0.7541584077085076
0.5003102425016923,0.04793063671332831,0.1138904835470485,0.8351361362792216,1.355166095680074,0.3693358362822319,0.812351887895669,0.2786071044564043,-0.35634231139637357,0.5336093170476149,3.6828697463554896,3.7864110467174497,11.4752606030261,3.0307701736255455,4.541302087372843,7.181853239937842,4.047988518661878,5.512379610205505,4.967215547772999,6.001361862353128,0.411040876572597,-0.5156153878534567,0.33205828334067816,-0.34866042463779456,1.1902562838458557,-1.4069516320026936,-0.21036394993459503,0.08303176488157404,-0.6766221846324211,0.06099037405749008,0.5088572728343201,-1.0291568369381903,-0.23681589931985095,-1.410823597048448,0.8882089782676768,-0.33146310062420836,-0.6221951673349243,-0.342273429553073,-0.10295771016031373,-1.3987475141968049,0.4007611097258472,-0.25836838004750573,-0.11411838480522518,-0.3467835333821722,-0.5068854354344471,-1.276239088012425,0.08664137410371159,-1.1439347453214088,-0.03555718756163537,-0.40996296779387104,-0.8515703954583584,-0.6232013632621232,1.5560035625249453,-0.06094198082228047,-0.5008891247143715,1.6746898222491038,-0.35353877483790175,-0.6352482087279634,0.5876195399372539,-0.20362058614296294,-0.9693944970404547,-0.6940941392855705,0.02509800760162073,-0.11036944411922625,-0.16623000432706897,0.8025717913682242,-0.11292111957361875,-0.6771659661270152,0.37190959376508753,1.3683833378113555
-0.347909040561699,-1.4687954896582671,0.10199986437829517,-0.7829210696422497,-1.1433187410590815,0.6537055669257485,0.11075967891186923,-0.24907657496861219,0.560359507113541,-0.5744935319582374,2.131622936209933,4.729685215539078,3.0307701736255455,11.4752606030261,1.8890872190309163,7.934242104664535,5.760548010970403,4.5980454578007315,4.8226832114576474,5.326917871330041,0.4356697294228639,0.07923543564541616,0.44827808753864096,0.08499166715733075,0.07816439988668938,-0.8212717836050587,-0.7226531051667949,0.22697014792845982,-0.23433044859851312,-0.34530907978290715,-0.6070408708771328,0.18262751853828613,0.6050224968870374,1.6338271498077777,-0.1497472697606505,-0.49852922075587774,-0.43741854791722656,-0.3793169824527528,0.4003551743797188,0.02919993871321045,-0.3365357998124354,-0.25565365223931724,1.0565650496945018,-0.32253807399039536,-0.02897951338170962,0.33826333673394704,1.191001292080518,0.012881814202364006,0.971176304948534,-0.8012248716418793,0.1076907494338987,-0.059432113519784724,0.3681416892627105,0.18337515188395054,0.03069223096116705,-0.4064812903161637,0.40043065835227815,1.3528536207937099,0.49694047848883927,0.24711947568362228,-0.24366394548645448,0.8521237669430801,0.023827158723755473,1.0692224353420636,0.6707385286244638,-0.5460402489349686,0.3621071023833413,-0.6620072580537005,-0.4344307793124884,-0.1025690937459084
0.4016838161582179,0.6718426884309319,-0.23002590260352604,-0.23810593915838651,-0.5369149659148863,0.20871292077439443,-0.688523148816484,0.18845892618570056,0.987570683728375,-0.7605183825086118,3.435050215299783,4.935733237603661,4.541302087372843,1.8890872190309163,11.4752606030261,7.51113751971266,4.418995795515599,3.21656365391355,4.8557190162172095,4.973003757120012,0.0535978333021494,0.7901776392531424,-0.10486388884386706,0.021485363987691627,0.17039563317990222,0.19734674996906465,0.08530471039334384,-0.8899751231443175,-0.19155751525056836,0.2395452652717418,-1.9161711094313463,0.3307642771334519,-1.2087457389756533,1.073386375925114,-0.6833824190299902,0.1577886627640414,-0.30592957926754355,-0.9279128730719901,0.6426628037996337,0.539773107901608,-0.042152763013602934,1.0133746502447343,-0.6777124725732611,-0.09888292109934582,0.5431234747267366,-0.4173584745280933,-0.4050300158420229,-0.1518443966395998,0.527087707780131,-0.1413373574282843,0.06890542690432194,0.14057687698736387,-0.2690640303655605,-0.34857683728076905,0.7452014353373757,0.07677350364573565,1.0895639997825615,-0.485706099256726,-0.5577905870296997,-1.2576444730910554,0.3107349983258678,-0.10996920339229341,0.19826805531973196,0.6630500460332996,1.3034818643168495,0.5474033479270912,-0.1168897696810002,0.12865475887948769,-0.6803398496984031,0.4370853254756498
-0.19313310238381393,0.501157386858196,-0.40975108867969734,0.556177591060171,2.1539330679464372,0.1752139029230682,-0.5167979416201481,0.3418574264979654,-0.3323213432234085,-0.4827861159157062,6.76709050638171,2.7732211738438974,7.181853239937842,7.934242104664535,7.51113751971266,11.4752606030261,4.165335925405622,1.7847011907501387,4.794037183453686,5.493569826478984,-1.3878351084346066,-0.6900669960428129,0.7426967224093148,-0.9397858717983646,0.3723995806132241,1.1180444823876003,-0.17607186036227118,-0.2677264416765372,-0.4401957779175282,0.21423035154568942,-0.7423622326988949,0.466957268745664,-0.1703014524303877,-0.03034096257452351,0.08668710369069518,-1.4432962524698945,-0.20045927735296487,-0.8739036858663303,-0.02126963097219875,0.5446325931066659,-0.6417564242295373,-0.2865419426385244,-0.6825389287987269,-1.1559214967623899,0.4096900612713956,0.14902248215124603,0.4219833077288312,-0.4705851011825167,-0.23654791958797522,-0.0446620973288126,-0.16003063160273728,0.4280131544422531,0.5035730804690242,-0.294921938016887,-0.4762216079707655,0.40710803574038223,-0.12434928447451199,0.6160263039834049,1.193559690033763,-0.006656924736592601,-1.084125168897431,-0.16651394807633968,0.48579744260007457,-0.8781653284768335,0.467069376351678,1.4135677761955887,0.3188832188719386,1.0023154390206566,1.0315320338952165,-0.5619421733018332
1.1122154317673127,1.1416790223655635,0.05590500718603297,-0.22291265780874325,0.5095666827627184,0.13508049178371556,0.8726911361818713,-0.8826012704441066,-0.5473158592468004,-0.4848519914942593,7.475123395552338,3.308951440842849,4.047988518661878,5.760548010970403,4.418995795515599,4.165335925405622,11.4752606030261,5.618161203460625,4.11827828526906,5.378015716355259,0.0896807988486078,0.03773882269620088,0.7292359016622305,-0.6774580958500362,0.05872196332538715,0.3664791410686742,0.18428565468684568,-0.032766777643879794,0.9982041113416843,-0.3340084671866066,-0.08196983942013618,-0.8826707661541215,-0.05728421267500311,1.1657526347191436,-0.1253413190967399,0.4035695540883867,0.15698446106042022,-0.31082445844892587,1.4454989615433251,-0.6954112113446682,-0.5955605330411712,0.44239958179402283,-0.22935552226178052,0.4611683613742274,1.169725734206961,0.7215213685738823,1.0119858775956985,0.49587023910007194,-0.3368942672967276,0.10203583896930477,0.6696479847091155,-0.5132466274754638,0.9000409863471296,-0.4034337863131062,0.9055003799847481,0.658593481084217,0.32169693040218805,0.13849415886310845,-0.78970899843171,0.9786941728962553,0.10607609608720292,-0.7203638337501145,-0.9761479104902607,-0.4351135510045945,-0.9530055470582259,-0.17499962693978907,0.5278019200618983,0.06514415059917905,0.6046973383815063,-0.4840378850162922
-0.2409906292698446,0.4719902349010441,-0.6266977027181513,-0.1389242517776706,0.9877360645937829,0.3213680765085919,0.012042219036809328,-1.0807725860435609,-1.5650961217831707,0.2587082990073595,6.142691319299001,3.6116599889949725,5.512379610205505,4.5980454578007315,3.21656365391355,1.7847011907501387,5.618161203460625,11.4752606030261,4.637508032406149,4.7041554807381925,-0.44000348092940855,0.6561971268010995,0.23476595999592786,0.8525647094077891,-0.1414184086816963,0.3415822389189048,0.3047505850839132,0.1453568087205236,-0.3810745918843332,0.3862720408078234,0.8267462699310779,-0.6356851451908397,0.6430461701093537,-0.7941284841087943,0.24829184705741106,0.8707002360214398,0.6853858537422373,0.3883301735099042,-0.9853554051200437,-0.3432913152859225,0.20255389053083567,0.2853085854385528,0.008683015156642382,1.6535394344439713,-0.9198271429146689,-1.2516119024471146,0.15303535963613435,-0.17530708717714605,0.6341639334785178,1.164483909723582,1.19639251710816,-0.7737411894061008,0.3181304809549194,0.4059940616260505,-0.14799940272135373,-0.4184620551331656,0.6383894440201346,0.1948897883119175,-0.5706280041588453,-0.632171775499534,-0.36897163331225774,-0.11021978810157537,0.7658008621650908,0.8391281513842089,-0.21951891704015355,-0.026894000060633805,-1.2612634000422476,0.49786988974196367,-0.020338604053462328,-0.4937922205325974
0.22232083477948505,-1.238156334451216,-0.7486254162613196,0.7130779404023057,0.05296895465723378,0.045757809809744976,-0.39096483727538084,0.5322219819724763,-0.7769244600838775,0.660833598893305,4.350749544593457,6.4229529929157785,4.967215547772999,4.8226832114576474,4.8557190162172095,4.794037183453686,4.11827828526906,4.637508032406149,11.4752606030261,8.506465965814279,-1.4436592004555593,1.05813490373342,0.16190772890678484,-0.402390882579157,-0.35827701025470915,-1.008238590076924,0.16145412934154474,-0.5136541954655442,-0.35475633472401563,-0.05991614710191273,-0.07466398449150058,-0.9489363655688656,0.24672970361211377,-0.21806875426681416,0.5058025220827647,-0.8774182915386299,0.010289912429504347,-0.3939693271465402,-0.357952140270107,-1.2319448385172118,-0.9199350925844959,0.3005447365306782,0.10223503352701797,-0.38186116462711406,-0.33168658119263184,-1.4843492107721314,-0.7181764146249662,-0.25704516372729114,0.08938675461469289,0.1391817840437415,0.4054704135701681,-0.7091315230894002,1.146077514300461,0.7552549044742417,-1.0462821362671488,1.318180921295696,-0.0821927346301477,0.17301185402124653,-0.5275096694977882,-1.3342980747487063,0.5288877282366087,-0.04084743501867488,0.6545587529503477,0.7087673919909889,0.0249817258854495,-0.07800904390872802,1.1951602524984317,0.19959947775814804,1.1400801861858838,0.3018829007527858
-0.03996756474145419,0.1399963790801554,-0.16645643982946065,-0.05200440356026555,-0.12128492551370845,-0.9754198278821443,-0.7060026063728184,1.3987838543081965,0.08033849510361213,1.4492321266354304,5.504082645537695,5.307681801903511,6.001361862353128,5.326917871330041,4.973003757120012,5.493569826478984,5.378015716355259,4.7041554807381925,8.506465965814279,11.4752606030261,-1.0540375558228405,1.2210636035095381,0.34511912670331163,1.8526706032264806,1.1134160347470599,0.8061896052953755,-1.0631589353267696,-0.3413779263495867,-1.4670762681135359,0.017174205890033545,0.37579074016023617,0.8338123628781693,0.12048933226002928,0.6456757980019829,-0.7377762622368492,-0.11802705282455117,-0.8006409950656879,-0.3605427624142683,-0.0681053353133573,-0.5279700617699357,0.3867772501478088,-0.16011972385783899,0.4431078062370264,1.0304292886416349,-0.6937290163360246,0.9404598959591037,-1.292645718023281,0.3916448972312935,0.2122045412338289,0.8354411210329177,-0.23939120705191308,-0.3150311540354097,0.22463170912841937,0.23221191387898055,0.7341123089599781,0.46776887514331766,-0.43688186084437597,-1.1322300000400165,-0.9428485422770916,0.6209152186054653,0.01228648274425137,0.06727596621736887,0.6135848404650427,0.38322983251417875,-0.26712685047174384,-1.0063563887972142,0.1154900594347072,-1.3800584991993532,0.9358590237240991,-1.2676297680002118
-1.5111502760565927,0.23625936590316354,-0.9315976639587368,0.26151886691891313,-0.89338444673677,-0.12140461903429955,0.31299788025640435,0.8019777730001783,0.24971280879673696,0.0378492521859132,-0.2536387427575281,-1.1185934201942098,0.411040876572597,0.4356697294228639,0.0535978333021494,-1.3878351084346066,0.0896807988486078,-0.44000348092940855,-1.4436592004555593,-1.0540375558228405,11.4752606030261,3.076131455814385,7.924146114382943,5.474798359399152,0.7411019511146094,6.197619190888263,5.936692869450144,5.779969047609544,4.0727365981105805,2.6344543350560627,0.9845740538589851,-1.2728450447124486,-0.43425772664442613,0.04095511968606225,-0.16403602970332953,-0.1801264190828662,0.9768669160688603,-0.7645517417963921,0.5343312269593917,0.1442881590493431,0.084823533083728,0.01863640879195383,-0.2205677024573311,0.8008651527623989,0.8298006714570731,-0.14127287574671044,-0.8743333016983021,0.21848877602073963,0.48568038396299357,0.04077767608668634,0.2550289751010319,0.5427153091972435,-0.4521907323835871,0.09111745158985246,-0.0506458423861914,-0.03746016301225796,0.3542011093405403,-0.7208972339189819,-1.0728205553066945,-0.4638895906654477,1.2876020187935937,0.2567042554910696,-0.7854623085709974,-0.4137002034111842,0.5906441946211017,-0.36736626764509744,0.0876665721058979,-0.6694660193283191,0.813743750124653,0.642274332422224
0.7700550673999882,0.47515665718210964,1.1071613264756746,-0.4013487381227777,0.8148009048918858,-0.6589269380062703,-0.8441451849780142,0.7743379596900066,-0.046673206955642754,-1.0871449148948487,-0.005782890660848278,-0.39400793726302596,-0.5156153878534567,0.07923543564541616,0.7901776392531424,-0.6900669960428129,0.03773882269620088,0.6561971268010995,1.05813490373342,1.2210636035095381,3.076131455814385,11.4752606030261,6.169618299432864,6.651109426262714,3.8802437263986094,3.753453643372359,5.918779499118667,3.6693900455224173,5.482893778289873,1.829161818079599,0.07088804226179085,0.6110647235365748,-0.1415831079063127,-0.09626290275062552,-0.6349710403375665,0.2276519930268783,0.03995019913795137,0.32373494292235583,0.3590764219362478,-0.6005106030789744,-0.15589350883406938,1.3487616459233083,-0.49189954095113797,-0.54959035361446,0.2721530266385831,-0.22400966094949845,-0.6657042638126528,0.16327197027636678,0.8219980708898281,-0.42184055241144686,0.984061743992758,-0.5800935442952512,-0.09453599755569088,0.8724190732725379,-0.07740227669656033,1.398202299314952,-0.39613836178484235,0.3486958509303483,-0.9694847452830944,0.901158967096875,-1.089402767312753,0.7314380077298539,-0.08412989624933331,0.49096964656160086,-0.2580311436524827,-0.8428496257363993,-0.8964562159697237,-0.3630517446493653,1.333247820991915,0.4688955158249756
0.8908288704876809,0.07561605520733608,0.9130737903081065,-1.1848864271606177,-0.2606761759890516,0.8955183939334276,-0.12459285790239573,-0.7093334686527745,-0.7851321836562835,0.7332700048299063,0.24071992414762794,-0.4266893253632413,0.33205828334067816,0.44827808753864096,-0.10486388884386706,0.7426967224093148,0.7292359016622305,0.23476595999592786,0.16190772890678484,0.34511912670331163,7.924146114382943,6.169618299432864,11.4752606030261,3.7979023793686313,4.957214879960606,2.5479537274249315,6.389465334442124,4.814927872000373,6.797849213198431,2.820055727885599,-0.5771109764471649,0.2924924164475051,-1.5646038899770094,-0.43670329046498124,0.9266158394871187,-0.7781523915553983,0.6366992821987554,0.17699610310517683,-1.2802868448355065,0.03669950863381047,0.3817210384056209,0.9404972460436701,0.40956012156574245,-1.6131678940098257,-0.5295573927611916,0.3408444928882578,0.07135157630087163,0.42725178514580997,1.2203702159874472,0.43389273499516257,-0.850080424281355,-0.35805192220184334,0.20813571152819788,1.1341216520341968,-0.5590682474478499,0.03082343734330928,-0.10801992855843351,0.7821579441521646,-1.8540173975042094,-1.1467331555751286,0.1876660560333044,-0.03681424082869153,0.6417954973393254,-0.7283631120696681,-0.8250297147846427,0.4960947053061474,0.4951025267526412,-0.6022421063617676,0.029383565585733906,-0.880254730044191
0.08551845192286783,1.5939716848616028,-0.8549522814908533,-0.32369144594659066,-0.6798856232704973,-0.40688824492171893,0.21081944409462633,-0.17718757125289641,0.8967774040503018,0.5238189986725919,-0.5547092322171052,0.09642106673027095,-0.34866042463779456,0.08499166715733075,0.021485363987691627,-0.9397858717983646,-0.6774580958500362,0.8525647094077891,-0.402390882579157,1.8526706032264806,5.474798359399152,6.651109426262714,3.7979023793686313,11.4752606030261,5.65058559555839,6.622511687777463,4.44110904957637,4.482122133810468,1.6077795514375397,7.200775821452711,-0.5714499957925354,-0.05132824765974209,0.2543097483995337,-0.9133925434644434,0.609683995038017,0.547070380344772,-0.42697951901978337,0.8081734117826775,-0.005723123308987305,0.411039741047169,0.3234317724176099,0.719861189591239,-0.6604096813557598,0.04852137859412964,-1.3320846627437142,-0.8164211160592727,0.2953315603328084,-0.39668769482534144,0.8169317111587597,-0.5029301110093609,0.48156004949059683,0.6960061785716479,-1.878437130191044,-1.4813853085141389,0.018590974754174344,-0.14802038986040317,0.030349898005337723,-1.3810339570946222,-1.2131526934482533,-0.4325818461210322,-0.08029868720842187,0.3762409174370551,-0.9864161605261742,0.5962095468822943,0.11762312123870425,0.30527248127518236,-0.6079050106876076,-0.9185259039451118,0.8794097505141509,0.9601356129968432
1.1851679163582853,0.4477638356442992,-0.5696293382250239,0.5173577907089637,0.8250096389105469,-0.018059986290203174,0.5640820964859261,-0.5254271581075483,0.32777024991950204,-0.5902480584599535,-1.603287289416762,0.2998711806158256,1.1902562838458557,0.07816439988668938,0.17039563317990222,0.3723995806132241,0.05872196332538715,-0.1414184086816963,-0.35827701025470915,1.1134160347470599,0.7411019511146094,3.8802437263986094,4.957214879960606,5.65058559555839,11.4752606030261,7.92209540901909,3.5455204406780902,5.867667688696948,3.8695432481197,5.85851943444945,-0.25166957724286954,-0.46387015408060217,-1.4702034652885514,0.11083666881702658,-0.21262713808078684,-1.242507518013703,1.0427029636805647,0.19922856335057715,-0.2687862136409689,0.2755067272143288,-0.681105494352569,-0.03779953716296092,0.9369567809848965,-0.09823504109561126,-0.1319832469813629,-0.6895967304428552,0.12300124190347628,-0.14563445803868857,-0.31936863263411386,-1.3539719616710977,-1.3935297546711074,1.3808165687928087,1.089636549974824,0.31541071431504386,-0.35034392896899735,-0.12507848873962324,-0.11575752415026827,-0.7838974689424645,-0.12474267647076481,0.43961666490262874,-0.4249691493182113,-0.021795352479819674,0.7615418300167063,-0.054801187893467884,0.6511164914564251,-0.851883399048885,-1.9909988094497715,-0.46847478644507373,0.3385163116960217,0.18876111671675413
-0.6838912472166728,1.0629141070514496,0.889271362450636,-0.3051535838471131,0.2041432777151039,0.33900902049225135,-0.22839278304155364,0.1000549337169042,0.40458718123661525,-0.21812719090448016,-0.24314763137045955,-0.4542996964992222,-1.4069516320026936,-0.8212717836050587,0.19734674996906465,1.1180444823876003,0.3664791410686742,0.3415822389189048,-1.008238590076924,0.8061896052953755,6.197619190888263,3.753453643372359,2.5479537274249315,6.622511687777463,7.92209540901909,11.4752606030261,1.583989957076574,4.2582675673319015,4.91272029555699,4.9534051758925965,0.23063274517732715,1.4647094229613027,-0.4866423272102008,-0.5264033785494848,-0.05156184838014791,-0.03332906096525087,-1.3286686724563592,0.11673874651090804,0.3725210540879511,-1.1204433041889315,-0.3341224274492751,1.0619223177737651,-0.8924558791241896,0.2976856536124448,0.377016028509358,-0.26089763223162094,0.38484467964148505,-0.931471441333267,-0.19187055622753327,0.5021944472762014,0.7845386025246712,-0.3460945402196392,0.5315761580308477,-0.35072342101797127,-0.3016578593678226,-0.8944953460500726,-1.1535121420643706,0.43767568594413886,0.2599795311700075,-0.1659405021396252,-1.0256699773842826,0.4552512543083518,1.6340623965453691,-0.5740957658262559,0.045393313861897544,-1.2661488884936705,1.6104237504025016,0.4440040561081071,-0.35504391216565184,-0.8903625225117996
-0.3642682815926792,-0.12944487886520992,-0.087421557651025,0.5980806877477676,-1.1285408931997907,-0.4040120165640486,0.2396364822204311,0.2706146744698091,0.6569913905460878,0.012586063273413425,-0.5158986763952578,-0.488033715021968,-0.21036394993459503,-0.7226531051667949,0.08530471039334384,-0.17607186036227118,0.18428565468684568,0.3047505850839132,0.16145412934154474,-1.0631589353267696,5.936692869450144,5.918779499118667,6.389465334442124,4.44110904957637,3.5455204406780902,1.583989957076574,11.4752606030261,3.1641927573403152,4.0670372165915225,5.516865101984841,-0.06663665156700348,-0.5420522259052142,0.12928753737780502,-0.27306825223171777,-0.30383415349688286,-0.42038680429655256,1.1613497321908226,0.1056408039519649,-0.43595285669529593,0.32151073370440614,-0.5949519228255191,0.4980175846670731,0.30028674806289596,-0.9603900043967265,-0.0459003111159782,-0.5362630611174425,0.6990582458423326,-1.239908045229392,-0.00652899717564075,-0.0348512259094409,0.5099762470790664,0.0882416828224173,-0.5498185610784682,-1.0410327210118167,0.028211198741950702,-1.0954305065403656,-0.3010630640206146,-0.15741883098057952,-0.17312513785065892,1.4648831923502237,-0.20904513803467037,0.19995313463761283,0.7482928355719408,0.869672420440221,-0.7184634151468398,0.6208478036769576,-0.9857366887081717,0.963744169718121,-0.34498635531923816,0.04577467845917771
-0.9552060503710783,1.7917049405158698,-0.9508213124016051,-0.7621638507717525,-0.5979496497324808,-0.9130470974106111,0.3605901444627876,-0.3000370251990635,0.3720534554434031,-0.20387509870738196,0.6067316314093943,-0.5976349268852933,0.08303176488157404,0.22697014792845982,-0.8899751231443175,-0.2677264416765372,-0.032766777643879794,0.1453568087205236,-0.5136541954655442,-0.3413779263495867,5.779969047609544,3.6693900455224173,4.814927872000373,4.482122133810468,5.867667688696948,4.2582675673319015,3.1641927573403152,11.4752606030261,3.523395283901091,7.172113604249496,0.7565326423636198,0.04661178305033997,-0.6654353980282773,-0.8543422767010788,0.17851713686457932,0.2714567712169003,0.2763409604537732,0.6280435356817704,0.5624759924197871,0.025860379288630386,0.5251350182864319,-0.42781303069779203,-0.29349716163823036,-0.30186089375193353,0.10966393994261728,0.952521861475763,-0.06223223587948515,-1.3598384952757951,0.5493640534375137,0.012112322856479507,1.4919601848292157,-0.34087381105815184,-0.08703635590177472,0.16128336702661747,-0.20269128259454164,0.31682821768676644,-0.2183427731706117,0.5551408986269227,-0.5335050073528951,-1.0908064047457038,-0.5347117558295291,-0.4482264417669297,-0.31410545949620683,0.680021325287476,-1.0310878319481622,-0.1385571991434368,-0.5255326467402867,-0.4121262046456963,1.4488402665739508,0.64747539062058
0.6622470556317306,0.8506416650895958,0.6935096433787448,1.2074953246867461,0.9055283091891614,-0.885404155501869,-0.38200089258308484,0.6693023228556462,-0.18092120855450994,-0.2037937670327602,1.0412193962116731,-0.5672587422894848,-0.6766221846324211,-0.23433044859851312,-0.19155751525056836,-0.4401957779175282,0.9982041113416843,-0.3810745918843332,-0.35475633472401563,-1.4670762681135359,4.0727365981105805,5.482893778289873,6.797849213198431,1.6077795514375397,3.8695432481197,4.91272029555699,4.0670372165915225,3.523395283901091,11.4752606030261,5.306342380360962,0.647672147407053,-0.9191126421450031,0.8011974890938826,-0.3984091989929513,0.4336952541794752,0.4478319994944654,0.42319853525539775,-0.7634741290428477,-0.773686938172259,-0.23671122814744294,-0.3336979313794327,-1.0705970318332099,-0.3465170707175719,-1.1195905971877789,-0.6095677855793786,-0.6049677960345508,-1.3219519815362857,-0.03326925347438894,-0.13731753077814118,0.47865751047934385,0.892129044757153,-0.39574774509588884,-0.34978063381755065,0.8770606877930365,0.6067429232617918,0.3828908583514956,-0.15501301199438444,0.08480060381059668,-0.8431498880095812,0.3367870893150826,-0.36582028904758124,0.6156346022247627,-0.6246489769667842,0.41022168388327906,-0.5396314137021111,-0.9780456854220858,0.411484161321209,0.7469446547905432,-0.23915317774260406,0.10720895813294923
